"index","0","1","2"
26457,0.0837263087546761,0.181824740386827,0.734448950858497
26458,0.272171939888691,0.248573146302776,0.479254913808532
26459,0.0747437567863822,0.106331550497094,0.818924692716523
26460,0.0820992055515327,0.0857256092157267,0.832175185232741
26461,0.0867569053335484,0.194923012462037,0.718320082204415
26462,0.0459074796111208,0.105303983943055,0.848788536445824
26463,0.400956807148894,0.529447654808393,0.069595538042713
26464,0.116894685072943,0.114837916537043,0.768267398390014
26465,0.0621946696659431,0.127630987547916,0.810174342786142
26466,0.0293527614411004,0.397860155878785,0.572787082680114
26467,0.101280647768481,0.176517817538438,0.722201534693082
26468,0.0447334922869863,0.0543578341266464,0.900908673586367
26469,0.649000152024913,0.111580218767973,0.239419629207114
26470,0.14765271111911,0.162764847981807,0.689582440899083
26471,0.0693167831153192,0.181647986254665,0.749035230630016
26472,0.145756448782802,0.221178661987774,0.633064889229423
26473,0.0852229837417514,0.130359519633527,0.784417496624722
26474,0.301590458773191,0.65088119997511,0.0475283412516991
26475,0.332489377540808,0.290634758325186,0.376875864134005
26476,0.0477723924176384,0.130743228120682,0.82148437946168
26477,0.158265254121564,0.206956981340271,0.634777764538165
26478,0.0746311296465115,0.0627723575699256,0.862596512783562
26479,0.036511147746429,0.0843625465257982,0.879126305727773
26480,0.0459198797888711,0.0982219111162486,0.85585820909488
26481,0.0361622698889756,0.430124006302688,0.533713723808337
26482,0.164807732404719,0.0332343480003884,0.801957919594892
26483,0.0197518720747356,0.161730417696302,0.818517710228963
26484,0.148496042813323,0.218623807381048,0.632880149805629
26485,0.0290189330292252,0.0485686882254637,0.922412378745312
26486,0.103708308082235,0.224678568491048,0.671613123426717
26487,0.0947583411537613,0.124773496123536,0.780468162722702
26488,0.0966621218710543,0.829427412243761,0.0739104658851847
26489,0.0761664511681439,0.283544616357106,0.640288932474749
26490,0.116726169117886,0.210917131594477,0.672356699287638
26491,0.0586680032485347,0.0782980346546363,0.863033962096829
26492,0.0524522754599353,0.34290715390066,0.604640570639405
26493,0.551668151934273,0.436452589908535,0.0118792581571913
26494,0.11286884479858,0.150239993428542,0.736891161772879
26495,0.0431056837441827,0.0644016123974957,0.892492703858321
26496,0.136712975162344,0.143984223607055,0.719302801230601
26497,0.0468201497086694,0.775501837276711,0.17767801301462
26498,0.21753985907394,0.509583379958575,0.272876760967485
26499,0.0821320502064828,0.165184316790257,0.75268363300326
26500,0.0500891800932673,0.427768353479824,0.522142466426909
26501,0.106895214792221,0.294116376061804,0.598988409145975
26502,0.0167185872113267,0.016717537754025,0.966563875034648
26503,0.184501885803817,0.406649249197278,0.408848864998905
26504,0.134447183247309,0.224967784103919,0.640585032648773
26505,0.0821858039172797,0.0988438808706747,0.818970315212046
26506,0.128940950381702,0.811785944900923,0.059273104717375
26507,0.123186828674152,0.83096844795097,0.0458447233748774
26508,0.185607375328188,0.23833129612203,0.576061328549783
26509,0.112021770050443,0.0884990360300093,0.799479193919548
26510,0.0342505716759492,0.263675154012381,0.70207427431167
26511,0.0593481371032096,0.0624450863487062,0.878206776548084
26512,0.104673947648865,0.288650025813568,0.606676026537567
26513,0.110345536499968,0.186892871209466,0.702761592290565
26514,0.0544285650692363,0.0771999473324121,0.868371487598352
26515,0.371066173323708,0.0284610624214181,0.600472764254874
26516,0.0787367077616654,0.270669397727723,0.650593894510611
26517,0.228641382429594,0.726599936373333,0.0447586811970742
26518,0.0785664628071663,0.150168560667321,0.771264976525512
26519,0.461182422737228,0.138647658759972,0.400169918502801
26520,0.0161492286407661,0.84000693283148,0.143843838527754
26521,0.0301333221396207,0.234737574108437,0.735129103751943
26522,0.170936973487998,0.183960060826719,0.645102965685282
26523,0.085442358857573,0.1677091612184,0.746848479924028
26524,0.0797822779480145,0.254938613025795,0.665279109026191
26525,0.217673557720251,0.157558605683004,0.624767836596746
26526,0.0583469664545522,0.0920921736650473,0.849560859880401
26527,0.190895570413927,0.426459444261652,0.38264498532442
26528,0.100524545951045,0.877921979081742,0.0215534749672136
26529,0.270661467751725,0.0753602920384737,0.653978240209801
26530,0.115449362715493,0.217115535170449,0.667435102114059
26531,0.0343402331923668,0.108080965411308,0.857578801396325
26532,0.149128654565124,0.153188571114797,0.697682774320079
26533,0.100667799493882,0.136219745562709,0.763112454943409
26534,0.0671121173692517,0.0984244730270899,0.834463409603659
26535,0.0522442953253041,0.104632746479293,0.843122958195403
26536,0.125321526146485,0.137505624655177,0.737172849198338
26537,0.0435872484970805,0.0820989168057357,0.874313834697184
26538,0.0522770126496574,0.341714422984124,0.606008564366218
26539,0.0810930327403991,0.201134935631328,0.717772031628273
26540,0.193114164227015,0.293394259884636,0.513491575888349
26541,0.0715129246576744,0.146866398435408,0.781620676906918
26542,0.0825391145916643,0.145918346674248,0.771542538734088
26543,0.0760682066792439,0.0897271850796268,0.834204608241129
26544,0.149833688584057,0.160524254732087,0.689642056683855
26545,0.104593558984918,0.290580009961689,0.604826431053394
26546,0.0748080194383523,0.168912882811534,0.756279097750113
26547,0.036686679276025,0.0647259529217928,0.898587367802182
26548,0.0713253910488106,0.0536048089400235,0.875069800011166
26549,0.264590878262319,0.675405381404834,0.0600037403328477
26550,0.0572816673943568,0.233131975248262,0.709586357357381
26551,0.0207787158536334,0.293919285616059,0.685301998530308
26552,0.0435014223641513,0.172013420267656,0.784485157368191
26553,0.0561144956292408,0.0972721804731577,0.846613323897601
26554,0.215962286945649,0.402558642531833,0.381479070522518
26555,0.172088503064661,0.0832035454465742,0.744707951488765
26556,0.016883305245032,0.25764753345093,0.725469161304038
26557,0.0689358514802744,0.0689540330284153,0.86211011549131
26558,0.584774623396531,0.0997038305774657,0.315521546026004
26559,0.247847768427209,0.0709835703455414,0.68116866122725
26560,0.0723834576760966,0.215840119126855,0.711776423197048
26561,0.0691446160509631,0.209114284412024,0.721741099537013
26562,0.0728017971176673,0.083856351275954,0.84334185160638
26563,0.101893647237244,0.137897597722053,0.760208755040704
26564,0.0519690166130154,0.100553505531155,0.84747747785583
26565,0.104222283395502,0.4598715095752,0.435906207029297
26566,0.134942466899859,0.159736555115443,0.7053209779847
26567,0.0852016868120493,0.131925139862941,0.782873173325009
26568,0.193689455156527,0.736968424033212,0.0693421208102606
26569,0.0314676140231119,0.130431181455984,0.838101204520905
26570,0.129278469371877,0.31953202618618,0.551189504441944
26571,0.0777398484207416,0.103833460685498,0.818426690893761
26572,0.119927993426845,0.278244491760992,0.601827514812164
26573,0.119589973353848,0.20606877116076,0.674341255485393
26574,0.246924991004577,0.0838712253349018,0.669203783660521
26575,0.0888522526684755,0.129970195594134,0.781177551737391
26576,0.109964671362427,0.0341562800962304,0.855879048541343
26577,0.113113384559789,0.147724822547776,0.739161792892435
26578,0.152179051814308,0.277901282314429,0.569919665871263
26579,0.228468635973578,0.699148504324894,0.0723828597015287
26580,0.0660580889715638,0.0995974987881032,0.834344412240333
26581,0.0732923077301699,0.147917058291257,0.778790633978573
26582,0.0244869992496231,0.0281353177674893,0.947377682982888
26583,0.0628151815293187,0.104305224516473,0.832879593954209
26584,0.0933301837424753,0.269013601548018,0.637656214709507
26585,0.0590107432562387,0.619255394106762,0.321733862636999
26586,0.370807899368528,0.26975657040463,0.359435530226843
26587,0.222079788720565,0.377126804335883,0.400793406943553
26588,0.0471012321394321,0.124591968434366,0.828306799426202
26589,0.110438249246159,0.137827972582812,0.75173377817103
26590,0.095533350329755,0.514388707466543,0.390077942203703
26591,0.199972771975329,0.711688034135268,0.0883391938894041
26592,0.386056217183159,0.0768407193516136,0.537103063465228
26593,0.17122739243285,0.278299613916351,0.550472993650799
26594,0.152287308731127,0.237105606002827,0.610607085266048
26595,0.0389120049769402,0.0637731693578529,0.897314825665207
26596,0.0416331599605157,0.08806151240417,0.870305327635315
26597,0.0859022627185198,0.425163632769267,0.488934104512213
26598,0.107027660112204,0.177863986111729,0.715108353776067
26599,0.066639929325276,0.0859857685202743,0.847374302154449
26600,0.0186611580165757,0.028643107949949,0.952695734033475
26601,0.0531815907122209,0.210456545730686,0.736361863557093
26602,0.0638953814048952,0.181047514737459,0.755057103857646
26603,0.0968753237404914,0.129073849402661,0.774050826856848
26604,0.0952298254731773,0.194357744778129,0.710412429748694
26605,0.0829950900282563,0.139715625345945,0.777289284625799
26606,0.146328699755583,0.36503675629642,0.488634543947998
26607,0.139287837079994,0.83585927908968,0.0248528838303269
26608,0.042131418130281,0.126831707684487,0.831036874185231
26609,0.0749313877595316,0.0612660938932148,0.863802518347254
26610,0.227700632966713,0.714156664072841,0.0581427029604464
26611,0.112768333251217,0.253861322017318,0.633370344731465
26612,0.07167687753217,0.386574593284459,0.541748529183371
26613,0.109057068098362,0.240295473111249,0.650647458790388
26614,0.0413326723403211,0.138796899389329,0.819870428270349
26615,0.135000194119938,0.178484612463275,0.686515193416787
26616,0.0678983740472727,0.0400673678681007,0.892034258084626
26617,0.150341824573828,0.126093097139279,0.723565078286893
26618,0.121306233676082,0.140817785658141,0.737875980665777
26619,0.187766614579633,0.272074421609607,0.540158963810761
26620,0.154091599699484,0.816579350161713,0.0293290501388023
26621,0.0234851179448373,0.0346255965777925,0.941889285477371
26622,0.0808353982040852,0.31259099675959,0.606573605036324
26623,0.0289551751185077,0.550982704438026,0.420062120443467
26624,0.0610395310841921,0.187409855312577,0.751550613603231
26625,0.355310732299287,0.206897831991065,0.437791435709649
26626,0.243681224707297,0.0955520067043586,0.660766768588344
26627,0.0307144443471414,0.0789548996427327,0.890330656010126
26628,0.0410414403944848,0.0988030709806207,0.860155488624894
26629,0.022629911045534,0.0499712723932004,0.927398816561266
26630,0.0770924170080852,0.268845822785668,0.654061760206246
26631,0.0526694594238756,0.0801428844646862,0.867187656111439
26632,0.342855784621724,0.156558501349765,0.500585714028511
26633,0.0797625630925933,0.121163283104854,0.799074153802553
26634,0.0692772402093657,0.109241376087663,0.821481383702971
26635,0.0637093069860173,0.28508062250915,0.651210070504834
26636,0.0565339695908881,0.331618619397861,0.611847411011251
26637,0.0139941942179034,0.0877753044808855,0.898230501301212
26638,0.0348086560135129,0.821848570067228,0.14334277391926
26639,0.259927746269887,0.503341493283454,0.23673076044666
26640,0.0540004368792595,0.0977250193130768,0.848274543807664
26641,0.101831842330026,0.683174907993145,0.214993249676829
26642,0.0391808332239287,0.0717050988642346,0.889114067911838
26643,0.126397125876071,0.20312999493611,0.670472879187818
26644,0.0695199668165314,0.131647071173685,0.798832962009784
26645,0.0324718803100785,0.0924352127276852,0.875092906962237
26646,0.682749584124339,0.109027162029352,0.208223253846309
26647,0.0989670149178089,0.127801008868175,0.773231976214016
26648,0.0773505949262653,0.670634167529094,0.25201523754464
26649,0.0795025755021942,0.109127185648429,0.811370238849378
26650,0.618305347907777,0.353791758006474,0.027902894085749
26651,0.251322556921065,0.655323350906187,0.0933540921727485
26652,0.320733762197152,0.052417887132754,0.626848350670094
26653,0.182673106119093,0.0913000095975282,0.726026884283379
26654,0.10484505271268,0.485299545631805,0.409855401655515
26655,0.0862184662845333,0.271844149211218,0.641937384504249
26656,0.0793114801099231,0.100751913571113,0.819936606318964
26657,0.134610362996393,0.262007060005616,0.603382576997991
26658,0.0644837185155803,0.281521297576371,0.653994983908048
26659,0.173990213952494,0.261400437210111,0.564609348837394
26660,0.0768122379680163,0.393336474359713,0.529851287672271
26661,0.0923009356192137,0.146302652233398,0.761396412147389
26662,0.0290998606596994,0.308564004555447,0.662336134784853
26663,0.108178247217485,0.184771900437742,0.707049852344773
26664,0.108145585117881,0.0972670308894112,0.794587383992707
26665,0.242314004385144,0.234961804159153,0.522724191455703
26666,0.0308399469341051,0.503921851126746,0.465238201939149
26667,0.0846269843684253,0.128030288242294,0.78734272738928
26668,0.0673853526595074,0.560724396964168,0.371890250376325
26669,0.113828127355377,0.331188308764663,0.55498356387996
26670,0.281441036609413,0.321227968082901,0.397330995307686
26671,0.0975101723024294,0.154824604175066,0.747665223522506
26672,0.0355657480483944,0.074049712763982,0.890384539187624
26673,0.180966960470267,0.160195579208619,0.658837460321113
26674,0.444798708606747,0.0776023854913472,0.477598905901905
26675,0.053491806500006,0.124085486625673,0.822422706874322
26676,0.0578414626267236,0.0858887178181166,0.85626981955516
26677,0.027676449664702,0.0510500715252017,0.921273478810096
26678,0.110954399076684,0.319617542253465,0.569428058669851
26679,0.191604799056572,0.121017703255148,0.68737749768828
26680,0.0268916419973421,0.0869240190595082,0.886184338943149
26681,0.0917963235121014,0.105270565639382,0.802933110848516
26682,0.0810262121593242,0.2138393507693,0.705134437071376
26683,0.0214754285494593,0.401713847087247,0.576810724363294
26684,0.0452784283955211,0.107087106733074,0.847634464871405
26685,0.219017620740724,0.161492356008773,0.619490023250503
26686,0.0601786862194611,0.146542276832865,0.793279036947673
26687,0.116638997869352,0.172073807863398,0.71128719426725
26688,0.293661248854849,0.609884020078256,0.0964547310668963
26689,0.0607359951627521,0.153879001358176,0.785385003479072
26690,0.0385546598538804,0.0903124433972574,0.871132896748862
26691,0.0941873543562054,0.203960086588102,0.701852559055692
26692,0.0140402869302557,0.325349286870423,0.660610426199322
26693,0.494657948383409,0.058146102730445,0.447195948886147
26694,0.605108473839913,0.370527848571273,0.0243636775888138
26695,0.0779166685206051,0.0676437550267115,0.854439576452683
26696,0.0838723722663625,0.123330432291176,0.792797195442462
26697,0.0469031396795265,0.0588188268342244,0.894278033486249
26698,0.0872161166416865,0.127423944454268,0.785359938904046
26699,0.138698916211096,0.314891833778517,0.546409250010386
26700,0.0747771684626664,0.424977982166855,0.500244849370478
26701,0.111974295931445,0.318168789631951,0.569856914436603
26702,0.136289247901561,0.303618332616556,0.560092419481883
26703,0.0999134181716956,0.226499515748654,0.67358706607965
26704,0.0341651315075529,0.133794848548226,0.832040019944221
26705,0.0557586915930368,0.0713114822666347,0.872929826140327
26706,0.0853497085778612,0.121702475713133,0.792947815709005
26707,0.403801754081465,0.0679408756721016,0.528257370246433
26708,0.114586682899966,0.216169519031796,0.669243798068239
26709,0.0434306454315586,0.0681821877951736,0.888387166773268
26710,0.132070093503703,0.265947983183833,0.601981923312465
26711,0.180343608400967,0.085602299699114,0.734054091899919
26712,0.0698382902807505,0.226494918383462,0.703666791335788
26713,0.152989378792063,0.357283072968229,0.489727548239708
26714,0.0995782953882223,0.183947212042737,0.716474492569041
26715,0.0467043610631891,0.361259257599217,0.592036381337594
26716,0.14607984555534,0.727915072453641,0.12600508199102
26717,0.0574472478026943,0.200055147686017,0.742497604511288
26718,0.0681916797532953,0.159768519927773,0.772039800318932
26719,0.108004751847185,0.358391397184956,0.533603850967859
26720,0.152747461575912,0.126058384830639,0.721194153593449
26721,0.040708434565157,0.362344954158418,0.596946611276425
26722,0.217238426919514,0.139457982540483,0.643303590540004
26723,0.120778304882098,0.132321531558556,0.746900163559346
26724,0.06467702794225,0.565877745943502,0.369445226114247
26725,0.0397706444793072,0.298621283518637,0.661608072002055
26726,0.131465569516074,0.458763682953656,0.40977074753027
26727,0.0708891701991038,0.106816883207386,0.82229394659351
26728,0.0774577459536912,0.284842269420529,0.637699984625779
26729,0.175199041386562,0.216302712228571,0.608498246384867
26730,0.220052730846856,0.561099416432352,0.218847852720792
26731,0.0388727666778386,0.0838763511557888,0.877250882166373
26732,0.193158461032154,0.76384572006384,0.0429958189040065
26733,0.0645674940474016,0.0684570428547873,0.866975463097811
26734,0.0659228374769807,0.187886655457246,0.746190507065773
26735,0.0561688494705841,0.0973387374743969,0.84649241305502
26736,0.107865115094442,0.212189457258663,0.679945427646896
26737,0.187992320051537,0.149308451848917,0.662699228099546
26738,0.0283385659882793,0.0823248293912479,0.889336604620472
26739,0.471202623276498,0.0889760032491339,0.439821373474368
26740,0.0343086218282998,0.0935138573574389,0.872177520814262
26741,0.243053167350604,0.695246205140425,0.0617006275089709
26742,0.0467265198267977,0.249041568544956,0.704231911628247
26743,0.135318188472666,0.13439365545744,0.730288156069895
26744,0.16634533616224,0.229689716624118,0.603964947213642
26745,0.0718727965442699,0.156217682008798,0.771909521446933
26746,0.368148170223211,0.108141279179754,0.523710550597035
26747,0.0872006546968222,0.510317639037708,0.40248170626547
26748,0.272944947208236,0.383179780966723,0.343875271825041
26749,0.0445166541598426,0.192186901070573,0.763296444769584
26750,0.0431113057929511,0.0706876098223505,0.886201084384699
26751,0.0847294310752561,0.102273722967981,0.812996845956763
26752,0.0516620414170158,0.630285927600284,0.3180520309827
26753,0.101585068817867,0.138885587021163,0.759529344160972
26754,0.0782115495639299,0.0242392056577199,0.89754924477835
26755,0.0314512909478879,0.128640636230966,0.839908072821146
26756,0.217271815634495,0.0472230141390693,0.735505170226435
26757,0.082398594172891,0.161402291257036,0.756199114570073
26758,0.180626859196406,0.279850137366658,0.539523003436937
26759,0.0493833812950081,0.354367777578876,0.596248841126115
26760,0.394298802896102,0.232954371761658,0.37274682534224
26761,0.035181988294713,0.115848459958254,0.848969551747032
26762,0.0732228330595507,0.17669935860568,0.750077808334769
26763,0.0713852023695535,0.114448626561903,0.814166171068544
26764,0.0512642890237015,0.261359740225752,0.687375970750546
26765,0.0838406548431722,0.0547166886042455,0.861442656552582
26766,0.0266672737291151,0.525216988509369,0.448115737761516
26767,0.0965211301818746,0.175021380362496,0.728457489455629
26768,0.0474496117945094,0.910079956625834,0.0424704315796569
26769,0.141906510043049,0.303439541405824,0.554653948551128
26770,0.183357431223182,0.234987074791776,0.581655493985041
26771,0.179905213261211,0.762694670002403,0.0574001167363851
26772,0.524749575142226,0.0868109121504247,0.388439512707349
26773,0.133430305754705,0.161196651516525,0.705373042728771
26774,0.122772134974202,0.206610474255574,0.670617390770224
26775,0.0279397565097851,0.267907815848435,0.70415242764178
26776,0.0614734193700322,0.054053743409982,0.884472837219986
26777,0.0772836256868293,0.135536853806708,0.787179520506463
26778,0.0429791019748632,0.132447563396593,0.824573334628545
26779,0.0711674974222384,0.10950046497442,0.819332037603342
26780,0.0558621411303723,0.161552742104395,0.782585116765233
26781,0.0245815908002109,0.168587232138097,0.806831177061691
26782,0.0501874780880359,0.0697287996265956,0.880083722285368
26783,0.227465958613318,0.153981663508231,0.618552377878453
26784,0.0707448295754374,0.576995773043225,0.352259397381337
26785,0.0670092155153176,0.18307497294376,0.749915811540922
26786,0.45743174525778,0.0831409802866273,0.459427274455593
26787,0.0222705996568706,0.0218978146055869,0.955831585737542
26788,0.22285034054715,0.196487072098174,0.580662587354676
26789,0.149917058214602,0.294483171041291,0.555599770744107
26790,0.0347388287472962,0.284979003855351,0.680282167397352
26791,0.054084073456852,0.113900265911527,0.832015660631622
26792,0.0939327046984632,0.121493534746916,0.784573760554621
26793,0.0241730185293604,0.163144536269315,0.812682445201324
26794,0.0784004545278102,0.133691806822535,0.787907738649656
26795,0.0743443227217307,0.284279607790592,0.641376069487677
26796,0.174092418139936,0.804628717993652,0.021278863866412
26797,0.0567734096975353,0.299892337047141,0.643334253255324
26798,0.491604325045384,0.158750007405077,0.349645667549539
26799,0.071635072398884,0.166463246443732,0.761901681157383
26800,0.0618621451001363,0.898857149867018,0.039280705032846
26801,0.0410544332957817,0.607634186999057,0.351311379705161
26802,0.137810103824064,0.0802723644231298,0.781917531752807
26803,0.076096351451248,0.171807641957761,0.75209600659099
26804,0.0232131064344318,0.177035553345391,0.799751340220176
26805,0.030985545626167,0.0468486580438526,0.922165796329981
26806,0.0676169902922161,0.185851763105837,0.746531246601948
26807,0.0392625768783741,0.0899077674300007,0.870829655691625
26808,0.0307877673086076,0.267501204083453,0.701711028607938
26809,0.104822110664719,0.174574993777359,0.720602895557922
26810,0.0377802574042119,0.253703271611744,0.708516470984043
26811,0.0433302013448331,0.0661091352673651,0.890560663387801
26812,0.0744032558646134,0.116089328769086,0.809507415366301
26813,0.12573835316932,0.313083875742476,0.561177771088204
26814,0.166555822641458,0.15759781105937,0.675846366299174
26815,0.109225889153907,0.211009920582322,0.679764190263771
26816,0.0557955994597255,0.330460394597513,0.613744005942762
26817,0.0603819940486186,0.0737011683210581,0.865916837630324
26818,0.103256882783929,0.136441771041825,0.760301346174245
26819,0.0558529372548659,0.210946050209486,0.733201012535648
26820,0.204923089392593,0.761753793202054,0.0333231174053525
26821,0.168299393471708,0.799963638852141,0.0317369676761504
26822,0.109507389700713,0.206644489922586,0.683848120376702
26823,0.0519363241545209,0.0876413440346982,0.860422331810781
26824,0.0339430945227471,0.0869662778047183,0.879090627672535
26825,0.0658426020821432,0.100364138438142,0.833793259479715
26826,0.12331990659261,0.096033462992077,0.780646630415314
26827,0.0602608110973065,0.159092805380123,0.78064638352257
26828,0.131098875203023,0.138840606045301,0.730060518751677
26829,0.059053763880503,0.0645083972512488,0.876437838868248
26830,0.0528536508828807,0.0860967463958236,0.861049602721296
26831,0.0677496847985794,0.106575033525168,0.825675281676252
26832,0.035561419839434,0.0855884658625119,0.878850114298054
26833,0.0439045707808988,0.072918500958064,0.883176928261037
26834,0.0433022723469283,0.209500814167133,0.747196913485939
26835,0.722265310663732,0.0470055500841411,0.230729139252127
26836,0.119205902151625,0.480365705870225,0.40042839197815
26837,0.114182918145374,0.0840930481882538,0.801724033666372
26838,0.0945549780530417,0.398378205238582,0.507066816708376
26839,0.693954381686075,0.0558937182524717,0.250151900061453
26840,0.20237664078593,0.185676708377106,0.611946650836965
26841,0.0245152701892753,0.0469504006022806,0.928534329208444
26842,0.0317922621155773,0.124657205814966,0.843550532069456
26843,0.0888445535052148,0.12103367065847,0.790121775836315
26844,0.0197282690418866,0.708254683190654,0.272017047767459
26845,0.464627572173335,0.0497617257986007,0.485610702028064
26846,0.0300811578141836,0.0921608695421351,0.877757972643682
26847,0.18268750092265,0.209879469036028,0.607433030041322
26848,0.12108786677999,0.100848967792744,0.778063165427267
26849,0.148732978577685,0.160283327900676,0.69098369352164
26850,0.0704564401244318,0.311905344834593,0.617638215040976
26851,0.117293191053945,0.208336878121774,0.674369930824281
26852,0.0718371947560473,0.63934715424262,0.288815651001333
26853,0.0483142788801136,0.079763529691372,0.871922191428515
26854,0.102045588904118,0.841555224076879,0.0563991870190023
26855,0.0770526721846806,0.283424728431898,0.639522599383422
26856,0.219850518310166,0.0942743888048631,0.685875092884971
26857,0.0787239260717973,0.286965547345334,0.634310526582869
26858,0.0409191332008752,0.809075136244197,0.150005730554928
26859,0.0373818756834636,0.642411571065194,0.320206553251343
26860,0.0523265771499011,0.758197330782151,0.189476092067948
26861,0.0921558887386746,0.253649094715766,0.654195016545559
26862,0.0860383685784191,0.198045605299672,0.71591602612191
26863,0.0236738350459765,0.110881778241278,0.865444386712746
26864,0.0336600544135187,0.346800718657022,0.619539226929459
26865,0.0816851545811041,0.217643350317024,0.700671495101872
26866,0.0256798553129609,0.110567016528255,0.863753128158784
26867,0.133048193546659,0.118116462459628,0.748835343993713
26868,0.0791629432357205,0.0865817764906089,0.834255280273671
26869,0.0142806528452142,0.0313243575540537,0.954394989600732
26870,0.0364996190733804,0.751656118304383,0.211844262622237
26871,0.104775710153412,0.192338121403595,0.702886168442993
26872,0.0443230374282736,0.154928411751908,0.800748550819818
26873,0.0465164833213043,0.196971929801034,0.756511586877661
26874,0.0769271876993726,0.354155418789634,0.568917393510993
26875,0.0517031936801787,0.233130722988452,0.715166083331369
26876,0.0361176281936596,0.155990850868042,0.807891520938298
26877,0.0491609546192656,0.0807668208220602,0.870072224558674
26878,0.157731101517069,0.209181632321595,0.633087266161335
26879,0.0392660247833838,0.197461783942868,0.763272191273748
26880,0.327663780727636,0.0680258481559807,0.604310371116383
26881,0.0523576517057217,0.153434083087332,0.794208265206947
26882,0.487446738386748,0.0511896257932112,0.46136363582004
26883,0.0593040332322027,0.176250159091946,0.764445807675851
26884,0.0402917836870899,0.558114063128704,0.401594153184206
26885,0.339374567480943,0.0893899497035606,0.571235482815496
26886,0.0418436466820775,0.0681066447420862,0.890049708575836
26887,0.0567189525307428,0.0970768718582894,0.846204175610968
26888,0.201421642885094,0.222560331781231,0.576018025333674
26889,0.0379758793698003,0.0956499287105398,0.86637419191966
26890,0.0787595361452763,0.276425019156925,0.6448154446978
26891,0.119142561902168,0.527589501342509,0.353267936755323
26892,0.122619997614612,0.19024390455677,0.687136097828618
26893,0.0919386255347172,0.160348262404364,0.747713112060919
26894,0.0273356917443865,0.132069576251102,0.840594732004511
26895,0.07157193939207,0.370706092815028,0.557721967792901
26896,0.0898690810629278,0.242175501620547,0.667955417316525
26897,0.0587973129551822,0.20613009207286,0.735072594971959
26898,0.0570264858537607,0.0748572955328717,0.868116218613368
26899,0.10234247103864,0.173385975487927,0.724271553473433
26900,0.02323026469542,0.314120608464795,0.662649126839786
26901,0.0297530152361095,0.249276238082861,0.72097074668103
26902,0.0235540690102715,0.040028337996987,0.936417592992742
26903,0.11860917908355,0.158424506013733,0.722966314902717
26904,0.141752876971651,0.786752875546107,0.0714942474822415
26905,0.074740765294438,0.147720565516209,0.777538669189353
26906,0.0246425060069898,0.0538473473569499,0.92151014663606
26907,0.0989246417417102,0.138107121764391,0.7629682364939
26908,0.073063089946621,0.273519029704262,0.653417880349117
26909,0.0438470236597976,0.682560679235648,0.273592297104554
26910,0.122616146980264,0.235324167552737,0.642059685466999
26911,0.0759215642259344,0.0856372542037608,0.838441181570305
26912,0.0370591675621857,0.0686412828531001,0.894299549584713
26913,0.306703060717561,0.110719528401634,0.582577410880805
26914,0.059343462228177,0.173770924899109,0.766885612872714
26915,0.112463804205693,0.178965684233979,0.708570511560328
26916,0.229708634690095,0.703513520537418,0.0667778447724878
26917,0.0377501367903722,0.145464697968761,0.816785165240868
26918,0.0732167319510429,0.201886222749457,0.7248970452995
26919,0.625871490614577,0.147944044758843,0.226184464626582
26920,0.0463008485302084,0.198164134653259,0.755535016816532
26921,0.0160039654290393,0.633087102442852,0.350908932128109
26922,0.101713804740055,0.386959251758132,0.511326943501813
26923,0.060539680205711,0.0828252660278166,0.856635053766472
26924,0.131890597279041,0.179578930144646,0.688530472576313
26925,0.0555985136162132,0.0620808938124948,0.882320592571292
26926,0.146672245555567,0.276033390835221,0.577294363609212
26927,0.0995580020230596,0.208135162453876,0.692306835523065
26928,0.0913342766734381,0.891112583323801,0.0175531400027611
26929,0.0590724675983089,0.208008733354897,0.732918799046794
26930,0.0391708189663368,0.607278194999132,0.353550986034531
26931,0.284673973031032,0.652967706406963,0.0623583205620045
26932,0.0654853437671935,0.590580358023257,0.343934298209549
26933,0.545061598382604,0.114630112922579,0.340308288694817
26934,0.0760090941502357,0.139923972801785,0.78406693304798
26935,0.0538713208929863,0.107647352028294,0.838481327078719
26936,0.032874023604741,0.0819283453364629,0.885197631058796
26937,0.133730363930776,0.290453311147688,0.575816324921536
26938,0.294567721104536,0.641278317251639,0.0641539616438258
26939,0.212333618556954,0.729496597670078,0.058169783772968
26940,0.149660372882574,0.170716643176216,0.679622983941209
26941,0.0587768512000902,0.178522737151717,0.762700411648193
26942,0.135423614223243,0.190296354733674,0.674280031043083
26943,0.0417503180607875,0.409809034053163,0.548440647886049
26944,0.0906320512280457,0.0993885411383768,0.809979407633577
26945,0.137031473588303,0.456603873531639,0.406364652880058
26946,0.0412412440152422,0.0552836985240533,0.903475057460705
26947,0.0770376577622011,0.190256770273517,0.732705571964282
26948,0.10126792440696,0.226047733821697,0.672684341771343
26949,0.363793296646597,0.0372766141830133,0.59893008917039
26950,0.158062201337397,0.0950783860814863,0.746859412581117
26951,0.554871690995612,0.364037698945853,0.0810906100585346
26952,0.132442088628139,0.223871114256506,0.643686797115355
26953,0.0426866847860007,0.0222212846357283,0.935092030578271
26954,0.0335549497732303,0.132745612844003,0.833699437382767
26955,0.0618576031979924,0.52368438132252,0.414458015479488
26956,0.159564839037869,0.226689376370628,0.613745784591503
26957,0.733742942766599,0.0700513283815214,0.196205728851879
26958,0.279221594998403,0.209541701841443,0.511236703160154
26959,0.074424516743793,0.169296176500918,0.756279306755289
26960,0.0603803346851955,0.197192336272884,0.742427329041921
26961,0.0269990915060908,0.0628379146082681,0.910162993885641
26962,0.0556749806724098,0.572928552458442,0.37139646686915
26963,0.494657948383409,0.058146102730445,0.447195948886147
26964,0.0843889846161758,0.251690942924622,0.663920072459203
26965,0.0521365337225389,0.328641935196197,0.619221531081265
26966,0.0898690810629278,0.242175501620547,0.667955417316525
26967,0.0378571222576526,0.093379198118196,0.868763679624152
26968,0.0839904577513285,0.242313738337222,0.673695803911449
26969,0.0338461996257432,0.0496980927604346,0.916455707613822
26970,0.129129759994991,0.120739557980316,0.750130682024692
26971,0.0302578645433234,0.289396830189856,0.680345305266821
26972,0.135928515989417,0.310499698374826,0.553571785635757
26973,0.071342879784336,0.12082470552011,0.807832414695554
26974,0.0909149556250052,0.0881401080767718,0.820944936298223
26975,0.0351853501652482,0.0480548796413646,0.916759770193387
26976,0.174672817270222,0.733497473156261,0.0918297095735169
26977,0.121131665783928,0.217555998544573,0.661312335671498
26978,0.044654111371809,0.212629655626818,0.742716233001372
26979,0.107636700257514,0.284871559139463,0.607491740603024
26980,0.0701172686671846,0.105375331040887,0.824507400291927
26981,0.0477017857002116,0.434141725073572,0.518156489226217
26982,0.101183729961202,0.170985788627896,0.727830481410902
26983,0.0925028645516607,0.185736032581433,0.721761102866905
26984,0.0827985140930912,0.212553606563794,0.704647879343115
26985,0.128535762065822,0.369967148291418,0.501497089642759
26986,0.0972536014318857,0.0375919887256412,0.865154409842474
26987,0.102054842581858,0.354876002414071,0.543069155004071
26988,0.121344481515796,0.425246435103962,0.453409083380242
26989,0.127658788978189,0.247064383076215,0.625276827945596
26990,0.0415785731650287,0.0554992908056776,0.902922136029293
26991,0.0548508954954432,0.0711108049054494,0.874038299599108
26992,0.109960707267664,0.444879206289325,0.445160086443011
26993,0.0414000410833501,0.129630137122558,0.828969821794092
26994,0.208937129680319,0.155219991475191,0.63584287884449
26995,0.0595956686662277,0.249935509145833,0.69046882218794
26996,0.0548467866082817,0.126189058021176,0.818964155370542
26997,0.287452110170696,0.43355627805412,0.278991611775184
26998,0.30910824896771,0.0985704461211413,0.592321304911149
26999,0.395665683323406,0.129238130151897,0.475096186524698
27000,0.0437354992122149,0.497557475726601,0.458707025061184
27001,0.0464051350346514,0.441086993301063,0.512507871664285
27002,0.0503975278086293,0.302451323756131,0.64715114843524
27003,0.149052633856557,0.153885750460516,0.697061615682928
27004,0.116389678946522,0.107597367579138,0.776012953474341
27005,0.0811681581967993,0.432837071637447,0.485994770165754
27006,0.0344900475661278,0.0279208440044348,0.937589108429437
27007,0.12742062035692,0.492172536449395,0.380406843193684
27008,0.139641323415817,0.259572243460287,0.600786433123896
27009,0.0399374684578519,0.268448755159206,0.691613776382942
27010,0.0891553589908968,0.254093143153386,0.656751497855718
27011,0.230580048407968,0.612849417271493,0.156570534320539
27012,0.073360818849949,0.105932492878707,0.820706688271345
27013,0.229528902231691,0.201710356722748,0.568760741045562
27014,0.115050574068572,0.3662313334919,0.518718092439528
27015,0.108804877819342,0.306665991268391,0.584529130912266
27016,0.0636537243831223,0.109741497107617,0.82660477850926
27017,0.0401261529840241,0.0679783137375258,0.89189553327845
27018,0.173218590735021,0.0893616991318992,0.73741971013308
27019,0.130080171642588,0.265047160242973,0.604872668114438
27020,0.0229197741158697,0.470290267360731,0.506789958523399
27021,0.0305021660094735,0.432645745824211,0.536852088166315
27022,0.0999072622796005,0.149049345328551,0.751043392391849
27023,0.126121104903991,0.41143424886118,0.462444646234829
27024,0.143409936312689,0.172764166250849,0.683825897436461
27025,0.17780286102774,0.0655859615615442,0.756611177410716
27026,0.0283131929444258,0.109635342481302,0.862051464574272
27027,0.107250520471912,0.0310003264121879,0.861749153115901
27028,0.371943642175897,0.142147132509866,0.485909225314237
27029,0.0411706680711815,0.139038498257275,0.819790833671543
27030,0.147079269796981,0.523107332746883,0.329813397456136
27031,0.500219037775283,0.285924978619675,0.213855983605042
27032,0.299033084565028,0.0948787015433575,0.606088213891613
27033,0.106910472618365,0.0886809725869366,0.804408554794698
27034,0.147534394107306,0.171497590393493,0.680968015499202
27035,0.684843593901505,0.0579922879645972,0.257164118133899
27036,0.0437477650903909,0.0454638820839316,0.910788352825677
27037,0.225826172903532,0.14773131643201,0.626442510664458
27038,0.0413088659111918,0.10122368972652,0.857467444362288
27039,0.328196954926037,0.192235547903656,0.479567497170307
27040,0.133323957012951,0.100408853702723,0.766267189284326
27041,0.0228587492680975,0.0615209883794446,0.915620262352458
27042,0.211181684661812,0.740303883107044,0.0485144322311425
27043,0.0748237795496172,0.126295052820321,0.798881167630063
27044,0.0819759551298459,0.124956176641649,0.793067868228506
27045,0.0752537884818893,0.13948399906385,0.785262212454262
27046,0.0511573490483255,0.129202550625578,0.819640100326096
27047,0.124354370469018,0.390259805161465,0.485385824369517
27048,0.340559633839931,0.638398110267283,0.0210422558927868
27049,0.0872234529713776,0.596270497401369,0.316506049627253
27050,0.0735372351833005,0.10892595919353,0.817536805623169
27051,0.0914850480129502,0.412821071675152,0.495693880311897
27052,0.0355626091352396,0.100857392311954,0.863579998552806
27053,0.0582404777266752,0.232972776632656,0.708786745640669
27054,0.085613116546731,0.0637039012235063,0.850682982229762
27055,0.203085443109562,0.768513217786862,0.0284013391035757
27056,0.122763872390714,0.842543969566451,0.0346921580428346
27057,0.0741858992580704,0.238792164354717,0.687021936387212
27058,0.16110649567398,0.25364868092894,0.58524482339708
27059,0.0855012675571954,0.119953036454897,0.794545695987908
27060,0.0711785456404576,0.292838743249817,0.635982711109725
27061,0.526851636275527,0.169193810338547,0.303954553385926
27062,0.214553048826342,0.115018747317427,0.67042820385623
27063,0.089957864041252,0.112040274983307,0.798001860975441
27064,0.0237806391995691,0.0368068261079766,0.939412534692454
27065,0.150137804317753,0.392934981223231,0.456927214459016
27066,0.0567305891951485,0.0726434015546693,0.870626009250182
27067,0.0903383225909688,0.14679930475062,0.762862372658412
27068,0.496101457831766,0.0662549805062879,0.437643561661946
27069,0.0157060074860943,0.0515662386577845,0.932727753856121
27070,0.0469824852611717,0.0726554917678647,0.880362022970964
27071,0.0475477687997871,0.0629440235630148,0.889508207637198
27072,0.0479449629870266,0.380229539737395,0.571825497275579
27073,0.0833152156201538,0.177638964782014,0.739045819597832
27074,0.110583008933175,0.322982103521189,0.566434887545637
27075,0.21563564039176,0.221775205476973,0.562589154131267
27076,0.209750914675628,0.119153115824005,0.671095969500368
27077,0.0767886377162821,0.0617859365348349,0.861425425748882
27078,0.0547679454687305,0.0878508817246248,0.857381172806646
27079,0.106621562276137,0.11105728213528,0.782321155588584
27080,0.0239337603097016,0.655981077336563,0.320085162353736
27081,0.126478496671247,0.0645484283772898,0.808973074951462
27082,0.044369141770568,0.0583472532270963,0.897283605002336
27083,0.0692121066084484,0.137926887540518,0.792861005851033
27084,0.0657220863158477,0.475938272298544,0.458339641385609
27085,0.110113022669633,0.0398366920920994,0.850050285238268
27086,0.309280077421542,0.166479845862135,0.524240076716322
27087,0.0696818839054182,0.184384297454731,0.745933818639851
27088,0.0313297538753486,0.0620692700885381,0.906600976036113
27089,0.0857739166491483,0.132707409078399,0.781518674272453
27090,0.033596343808527,0.101334489250827,0.865069166940647
27091,0.120841313787327,0.373809226943221,0.505349459269452
27092,0.211078214761403,0.6818491955499,0.107072589688698
27093,0.0928904537465897,0.55193506380726,0.355174482446151
27094,0.216805400663548,0.0761892366024849,0.707005362733968
27095,0.028880744479386,0.0221858275897702,0.948933427930844
27096,0.182867796451137,0.539872036683265,0.277260166865599
27097,0.109687804772259,0.526442705893347,0.363869489334394
27098,0.098314898110237,0.274857735791066,0.626827366098698
27099,0.0384082628513249,0.0411594532676343,0.920432283881041
27100,0.0391244883334049,0.0713888846724562,0.889486626994139
27101,0.0952245461641216,0.279318617396756,0.625456836439123
27102,0.0724974575612581,0.194570022170742,0.732932520268001
27103,0.0532336932729228,0.228355552429546,0.718410754297531
27104,0.122980782095772,0.118578724819969,0.758440493084259
27105,0.121637692144492,0.0204675477301414,0.857894760125367
27106,0.0371518621685186,0.0771130287816284,0.885735109049853
27107,0.0958248908147889,0.147736300404561,0.75643880878065
27108,0.0543946254396191,0.163572836413034,0.782032538147347
27109,0.126032904881917,0.172667789847846,0.701299305270238
27110,0.161460878558976,0.137001015123408,0.701538106317617
27111,0.082716632201589,0.143683429785221,0.773599938013189
27112,0.705885086938946,0.0319905083519312,0.262124404709123
27113,0.0344984195301018,0.0722349854383103,0.893266595031588
27114,0.19508373983907,0.111179049098227,0.693737211062703
27115,0.223168969498938,0.525065036220343,0.251765994280719
